[gd_scene load_steps=7 format=3 uid="uid://dnubgd83nv0um"]

[ext_resource type="ArrayMesh" uid="uid://bq0epcss83p17" path="res://art/table1/oakTable.obj" id="1_ebi6l"]
[ext_resource type="Script" path="res://src/Table.cs" id="1_x40yg"]

[sub_resource type="ConvexPolygonShape3D" id="ConvexPolygonShape3D_ssc7u"]
points = PackedVector3Array(-0.0121384, 72.6115, -62, -38.9988, 0.242405, -36.7897, -12.1014, 72.6115, -60.8105, -0.0121384, 74.3748, -62, 12.0893, 72.6115, -60.8105, 38.9867, 0.242405, -36.7897, -40.9166, 0.242405, -34.6171, -43.8418, 72.6115, -43.8418, -34.4471, 72.6115, -51.5615, -23.8508, 72.6115, -57.2905, -12.1014, 74.3748, -60.8105, 12.0893, 74.3748, -60.8105, 23.8265, 72.6115, -57.2905, 34.435, 72.6115, -51.5615, 43.8297, 72.6115, -43.8418, 40.9045, 0.242405, -34.6171, -40.9166, 0.242405, 34.6049, -62, 72.6115, -0.0121384, -60.8105, 72.6115, -12.1014, -57.2905, 72.6115, -23.7294, -51.5615, 72.6115, -34.4471, -43.8418, 74.3748, -43.8418, -34.4471, 74.3748, -51.5615, -23.8508, 74.3748, -57.2905, 23.8265, 74.3748, -57.2905, 34.435, 74.3748, -51.5615, 43.8297, 74.3748, -43.8418, 51.5493, 72.6115, -34.4471, 40.9045, 0.242405, 34.6049, 57.2784, 72.6115, -23.7294, 60.7984, 72.6115, -12.1014, 62, 72.6115, -0.0121384, -38.9988, 0.242405, 36.7776, -43.8418, 72.6115, 43.8297, -51.5615, 72.6115, 34.435, -57.2905, 72.6115, 23.7173, -60.8105, 72.6115, 12.0893, -62, 74.3748, -0.0121384, -60.8105, 74.3748, -12.1014, -57.2905, 74.3748, -23.7294, -51.5615, 74.3748, -34.4471, 51.5493, 74.3748, -34.4471, 43.8297, 72.6115, 43.8297, 38.9867, 0.242405, 36.7776, 60.7984, 72.6115, 12.0893, 57.2784, 72.6115, 23.7173, 51.5493, 72.6115, 34.435, 57.2784, 74.3748, -23.7294, 60.7984, 74.3748, -12.1014, 62, 74.3748, -0.0121384, -12.1014, 72.6115, 60.7984, -23.8508, 72.6115, 57.2784, -34.4471, 72.6115, 51.5493, -0.0121384, 72.6115, 62, -43.8418, 74.3748, 43.8297, -51.5615, 74.3748, 34.435, -57.2905, 74.3748, 23.7173, -60.8105, 74.3748, 12.0893, 43.8297, 74.3748, 43.8297, 34.435, 72.6115, 51.5493, 23.8265, 72.6115, 57.2784, 12.0893, 72.6115, 60.7984, 60.7984, 74.3748, 12.0893, 57.2784, 74.3748, 23.7173, 51.5493, 74.3748, 34.435, -12.1014, 74.3748, 60.7984, -23.8508, 74.3748, 57.2784, -34.4471, 74.3748, 51.5493, -0.0121384, 74.3748, 62, 34.435, 74.3748, 51.5493, 23.8265, 74.3748, 57.2784, 12.0893, 74.3748, 60.7984)

[sub_resource type="Curve3D" id="Curve3D_wyw4a"]
_data = {
"points": PackedVector3Array(0, 0, 0, 0, 0, 0, -0.127261, 1.84178e-05, -0.159633, 0, 0, 0, 0, 0, 0, -0.0894218, 1.51396e-05, -0.15978, 0, 0, 0, 0, 0, 0, -0.0435719, 9.95398e-06, -0.144199, 0, 0, 0, 0, 0, 0, -0.007, 0, -0.129, 0, 0, 0, 0, 0, 0, 0.022, 0, -0.099),
"tilts": PackedFloat32Array(0, 0, 0, 0, 0)
}
point_count = 5

[sub_resource type="Curve3D" id="Curve3D_cymyt"]
_data = {
"points": PackedVector3Array(0, 0, 0, 0, 0, 0, -0.127261, 1.84178e-05, -0.159633, 0, 0, 0, 0, 0, 0, -0.0894218, 1.51396e-05, -0.15978, 0, 0, 0, 0, 0, 0, -0.0435719, 9.95398e-06, -0.144199, 0, 0, 0, 0, 0, 0, -0.007, 0, -0.129, 0, 0, 0, 0, 0, 0, 0.022, 0, -0.099),
"tilts": PackedFloat32Array(0, 0, 0, 0, 0)
}
point_count = 5

[sub_resource type="Curve3D" id="Curve3D_tmbuw"]
_data = {
"points": PackedVector3Array(0, 0, 0, 0, 0, 0, -0.122, 0, -0.146, 0, 0, 0, 0, 0, 0, -0.097, 0, -0.118, 0, 0, 0, 0, 0, 0, -0.058, 0, -0.092, 0, 0, 0, 0, 0, 0, -0.024, 0, -0.078, 0, 0, 0, 0, 0, 0, 0.0110762, 5.78165e-06, -0.0741248),
"tilts": PackedFloat32Array(0, 0, 0, 0, 0)
}
point_count = 5

[node name="Table" type="StaticBody3D"]
script = ExtResource("1_x40yg")

[node name="Mesh" type="MeshInstance3D" parent="."]
transform = Transform3D(0.008, 0, 0, 0, 0.008, 0, 0, 0, 0.008, 0, 0, 0)
mesh = ExtResource("1_ebi6l")

[node name="CollisionShape3D" type="CollisionShape3D" parent="."]
transform = Transform3D(0.008, 0, 0, 0, 0.008, 0, 0, 0, 0.008, 0, 0, 0)
shape = SubResource("ConvexPolygonShape3D_ssc7u")

[node name="GameSurface" type="Node3D" parent="."]
transform = Transform3D(1, 0, 0, 0, 1, 0, 0, 0, 1, 0, 0.606, 0)

[node name="TwoPlayerGame" type="Node3D" parent="GameSurface"]
visible = false

[node name="Player1Position" type="Node3D" parent="GameSurface/TwoPlayerGame"]
transform = Transform3D(1, 0, 0, 0, 1, 0, 0, 0, 1, -0.275481, 0, 0)

[node name="Player2Path" type="Path3D" parent="GameSurface/TwoPlayerGame"]
transform = Transform3D(0.351858, 0, -0.936053, 0, 1, 0, 0.936053, 0, 0.351858, 0.232635, 0, 0.0960284)
curve = SubResource("Curve3D_wyw4a")

[node name="Player2Label" type="Label3D" parent="GameSurface/TwoPlayerGame"]
transform = Transform3D(-4.37114e-08, 0, -1, 0, 1, 0, 1, 0, -4.37114e-08, 0.515303, 0.101048, 0)
pixel_size = 0.002
text = "Player 2"
font_size = 60
outline_size = 7

[node name="ThreePlayerGame" type="Node3D" parent="GameSurface"]
visible = false

[node name="Player1Position" type="Node3D" parent="GameSurface/ThreePlayerGame"]
transform = Transform3D(1, 0, 0, 0, 1, 0, 0, 0, 1, -0.275481, 0, 0)

[node name="Player2Path" type="Path3D" parent="GameSurface/ThreePlayerGame"]
transform = Transform3D(1, 0, 0, 0, 1, 0, 0, 0, 1, 0.229406, 0, -0.204372)
curve = SubResource("Curve3D_cymyt")

[node name="Player3Path" type="Path3D" parent="GameSurface/ThreePlayerGame"]
transform = Transform3D(0.596225, 0, 0.802817, 0, 1, 0, -0.802817, 0, 0.596225, 0.284119, 0, 0.359931)
curve = SubResource("Curve3D_tmbuw")

[node name="Player2Label" type="Label3D" parent="GameSurface/ThreePlayerGame"]
transform = Transform3D(0.628832, 0, -0.777541, 0, 1, 0, 0.777541, 0, 0.628832, 0.275888, 0.101048, -0.379656)
pixel_size = 0.002
text = "Player 2"
font_size = 60
outline_size = 7

[node name="Player3Label" type="Label3D" parent="GameSurface/ThreePlayerGame"]
transform = Transform3D(-0.656059, 0, -0.754709, 0, 1, 0, 0.754709, 0, -0.656059, 0.275888, 0.101048, 0.39953)
pixel_size = 0.002
text = "Player 3"
font_size = 60
outline_size = 7

[node name="FourPlayerGame" type="Node3D" parent="GameSurface"]
visible = false

[node name="Player1Position" type="Node3D" parent="GameSurface/FourPlayerGame"]
transform = Transform3D(1, 0, 0, 0, 1, 0, 0, 0, 1, -0.275481, 0, 0)

[node name="Player2Path" type="Path3D" parent="GameSurface/FourPlayerGame"]
transform = Transform3D(1, 0, 0, 0, 1, 0, 0, 0, 1, 0.229406, 0, -0.204372)
curve = SubResource("Curve3D_cymyt")

[node name="Player3Path" type="Path3D" parent="GameSurface/FourPlayerGame"]
transform = Transform3D(0.351858, 0, -0.936053, 0, 1, 0, 0.936053, 0, 0.351858, 0.232635, 0, 0.0960284)
curve = SubResource("Curve3D_wyw4a")

[node name="Player4Path" type="Path3D" parent="GameSurface/FourPlayerGame"]
transform = Transform3D(0.596225, 0, 0.802817, 0, 1, 0, -0.802817, 0, 0.596225, 0.284119, 0, 0.359931)
curve = SubResource("Curve3D_tmbuw")

[node name="Player2Label" type="Label3D" parent="GameSurface/FourPlayerGame"]
transform = Transform3D(0.628832, 0, -0.777541, 0, 1, 0, 0.777541, 0, 0.628832, 0.275888, 0.101048, -0.379656)
pixel_size = 0.002
text = "Player 2"
font_size = 60
outline_size = 7

[node name="Player3Label" type="Label3D" parent="GameSurface/FourPlayerGame"]
transform = Transform3D(-4.37114e-08, 0, -1, 0, 1, 0, 1, 0, -4.37114e-08, 0.515303, 0.101048, 0)
pixel_size = 0.002
text = "Player 3"
font_size = 60
outline_size = 7

[node name="Player4Label" type="Label3D" parent="GameSurface/FourPlayerGame"]
transform = Transform3D(-0.656059, 0, -0.754709, 0, 1, 0, 0.754709, 0, -0.656059, 0.275888, 0.101048, 0.39953)
pixel_size = 0.002
text = "Player 4"
font_size = 60
outline_size = 7

[node name="FivePlayerGame" type="Node3D" parent="GameSurface"]
visible = false

[node name="Player1Position" type="Node3D" parent="GameSurface/FivePlayerGame"]
transform = Transform3D(1, 0, 0, 0, 1, 0, 0, 0, 1, -0.275481, 0, 0)

[node name="Player2Path" type="Path3D" parent="GameSurface/FivePlayerGame"]
transform = Transform3D(0.973972, 0, 0.226668, 0, 1, 0, -0.226668, 0, 0.973972, 0.145836, 0, -0.236498)
curve = SubResource("Curve3D_cymyt")

[node name="Player3Path" type="Path3D" parent="GameSurface/FivePlayerGame"]
transform = Transform3D(0.767098, 0, -0.64153, 0, 1, 0, 0.64153, 0, 0.767098, 0.270081, 0, -0.0436914)
curve = SubResource("Curve3D_wyw4a")

[node name="Player4Path" type="Path3D" parent="GameSurface/FivePlayerGame"]
transform = Transform3D(-0.0370623, 0, 0.999313, 0, 1, 0, -0.999313, 0, -0.0370623, 0.426955, 0, 0.100236)
curve = SubResource("Curve3D_tmbuw")

[node name="Player5Path" type="Path3D" parent="GameSurface/FivePlayerGame"]
transform = Transform3D(-0.911676, 0, -0.41091, 0, 1, 0, 0.41091, 0, -0.911676, -0.0308456, 0, 0.260789)
curve = SubResource("Curve3D_cymyt")

[node name="Player2Label" type="Label3D" parent="GameSurface/FivePlayerGame"]
transform = Transform3D(0.949228, 0, -0.314589, 0, 1, 0, 0.314589, 0, 0.949228, 0.108879, 0.101048, -0.465459)
pixel_size = 0.002
text = "Player 2"
font_size = 60
outline_size = 7

[node name="Player3Label" type="Label3D" parent="GameSurface/FivePlayerGame"]
transform = Transform3D(0.353818, 0, -0.935314, 0, 1, 0, 0.935314, 0, 0.353818, 0.402853, 0.101048, -0.22578)
pixel_size = 0.002
text = "Player 3"
font_size = 60
outline_size = 7

[node name="Player4Label" type="Label3D" parent="GameSurface/FivePlayerGame"]
transform = Transform3D(-0.53295, 0, -0.846147, 0, 1, 0, 0.846147, 0, -0.53295, 0.370367, 0.101048, 0.228864)
pixel_size = 0.002
text = "Player 4"
font_size = 60
outline_size = 7

[node name="Player5Label" type="Label3D" parent="GameSurface/FivePlayerGame"]
transform = Transform3D(-0.962303, 0, -0.271978, 0, 1, 0, 0.271978, 0, -0.962303, 0.0675772, 0.101048, 0.466779)
pixel_size = 0.002
text = "Player 5"
font_size = 60
outline_size = 7

[node name="SixPlayerGame" type="Node3D" parent="GameSurface"]
visible = false

[node name="Player1Position" type="Node3D" parent="GameSurface/SixPlayerGame"]
transform = Transform3D(1, 0, 0, 0, 1, 0, 0, 0, 1, -0.275481, 0, 0)

[node name="Player2Path" type="Path3D" parent="GameSurface/SixPlayerGame"]
transform = Transform3D(0.879823, 0, 0.475302, 0, 1, 0, -0.475302, 0, 0.879823, 0.037388, 0, -0.236498)
curve = SubResource("Curve3D_cymyt")

[node name="Player3Path" type="Path3D" parent="GameSurface/SixPlayerGame"]
transform = Transform3D(0.942967, 0, -0.332885, 0, 1, 0, 0.332885, 0, 0.942967, 0.232274, 0, -0.12799)
curve = SubResource("Curve3D_wyw4a")

[node name="Player4Path" type="Path3D" parent="GameSurface/SixPlayerGame"]
transform = Transform3D(-0.422508, 0, 0.906359, 0, 1, 0, -0.906359, 0, -0.422508, 0.426955, 0, -0.0981294)
curve = SubResource("Curve3D_tmbuw")

[node name="Player5Path" type="Path3D" parent="GameSurface/SixPlayerGame"]
transform = Transform3D(-0.716716, 0, -0.697365, 0, 1, 0, 0.697365, 0, -0.716716, 0.067027, 0, 0.252005)
curve = SubResource("Curve3D_cymyt")

[node name="Player6Path" type="Path3D" parent="GameSurface/SixPlayerGame"]
transform = Transform3D(-0.998812, 0, -0.0487278, 0, 1, 0, 0.0487278, 0, -0.998812, -0.117455, 0, 0.202409)
curve = SubResource("Curve3D_cymyt")

[node name="Player2Label" type="Label3D" parent="GameSurface/SixPlayerGame"]
transform = Transform3D(0.97857, 0, -0.205914, 0, 1, 0, 0.205914, 0, 0.97857, -0.0402977, 0.101048, -0.465459)
pixel_size = 0.002
text = "Player 2"
font_size = 60
outline_size = 7

[node name="Player3Label" type="Label3D" parent="GameSurface/SixPlayerGame"]
transform = Transform3D(0.704585, 0, -0.70962, 0, 1, 0, 0.70962, 0, 0.704585, 0.295194, 0.101048, -0.316884)
pixel_size = 0.002
text = "Player 3"
font_size = 60
outline_size = 7

[node name="Player4Label" type="Label3D" parent="GameSurface/SixPlayerGame"]
transform = Transform3D(-4.37114e-08, 0, -1, 0, 1, 0, 1, 0, -4.37114e-08, 0.432801, 0.101048, 0.0085523)
pixel_size = 0.002
text = "Player 4"
font_size = 60
outline_size = 7

[node name="Player5Label" type="Label3D" parent="GameSurface/SixPlayerGame"]
transform = Transform3D(-0.824324, 0, -0.566118, 0, 1, 0, 0.566118, 0, -0.824324, 0.257753, 0.101048, 0.371607)
pixel_size = 0.002
text = "Player 5"
font_size = 60
outline_size = 7

[node name="Player6Label" type="Label3D" parent="GameSurface/SixPlayerGame"]
transform = Transform3D(-0.987606, 0, -0.156952, 0, 1, 0, 0.156952, 0, -0.987606, -0.050554, 0.101048, 0.456087)
pixel_size = 0.002
text = "Player 6"
font_size = 60
outline_size = 7

[node name="Deck" type="Node3D" parent="GameSurface"]
transform = Transform3D(1, 0, 0, 0, 1, 0, 0, 0, 1, -0.07, 0, 0.2)

[node name="TrumpCard" type="Node3D" parent="GameSurface/Deck"]
transform = Transform3D(0.707107, -0.707107, -3.09086e-08, 0, -4.37114e-08, 1, -0.707107, -0.707107, -3.09086e-08, 0, 0, 0)

[node name="Talon" type="Node3D" parent="GameSurface/Deck"]
transform = Transform3D(0.707107, -0.707107, 3.09086e-08, 0, -4.37114e-08, -1, 0.707107, 0.707107, -3.09086e-08, 0.02, 0.002, 0.02)

[node name="DiscardPile" type="Node3D" parent="GameSurface"]
transform = Transform3D(0.707107, -0.707107, 3.09086e-08, 0, -4.37114e-08, -1, 0.707107, 0.707107, -3.09086e-08, 0.07, 0, 0.2)

[node name="AttackingAndDefending" type="Node3D" parent="GameSurface"]
transform = Transform3D(1, 0, 0, 0, 1, 0, 0, 0, 1, 0, 0, -0.08)

[node name="AttackingCard1" type="Node3D" parent="GameSurface/AttackingAndDefending"]
transform = Transform3D(-4.37114e-08, 1, 4.37114e-08, 0, -4.37114e-08, 1, 1, 4.37114e-08, 1.91069e-15, 0.06, 0, -0.1)

[node name="DefendingCard1" type="Node3D" parent="GameSurface/AttackingAndDefending"]
transform = Transform3D(-4.37114e-08, 1, 4.37114e-08, 0, -4.37114e-08, 1, 1, 4.37114e-08, 1.91069e-15, 0.04, 0.00199997, -0.08)

[node name="AttackingCard2" type="Node3D" parent="GameSurface/AttackingAndDefending"]
transform = Transform3D(-4.37114e-08, 1, 4.37114e-08, 0, -4.37114e-08, 1, 1, 4.37114e-08, 1.91069e-15, 0.06, 0, 0)

[node name="DefendingCard2" type="Node3D" parent="GameSurface/AttackingAndDefending"]
transform = Transform3D(-4.37114e-08, 1, 4.37114e-08, 0, -4.37114e-08, 1, 1, 4.37114e-08, 1.91069e-15, 0.04, 0.00199997, 0.02)

[node name="AttackingCard3" type="Node3D" parent="GameSurface/AttackingAndDefending"]
transform = Transform3D(-4.37114e-08, 1, 4.37114e-08, 0, -4.37114e-08, 1, 1, 4.37114e-08, 1.91069e-15, 0.06, 0, 0.1)

[node name="DefendingCard3" type="Node3D" parent="GameSurface/AttackingAndDefending"]
transform = Transform3D(-4.37114e-08, 1, 4.37114e-08, 0, -4.37114e-08, 1, 1, 4.37114e-08, 1.91069e-15, 0.04, 0.00199997, 0.12)

[node name="AttackingCard4" type="Node3D" parent="GameSurface/AttackingAndDefending"]
transform = Transform3D(-4.37114e-08, 1, 4.37114e-08, 0, -4.37114e-08, 1, 1, 4.37114e-08, 1.91069e-15, -0.06, 0, -0.1)

[node name="DefendingCard4" type="Node3D" parent="GameSurface/AttackingAndDefending"]
transform = Transform3D(-4.37114e-08, 1, 4.37114e-08, 0, -4.37114e-08, 1, 1, 4.37114e-08, 1.91069e-15, -0.08, 0.00199997, -0.08)

[node name="AttackingCard5" type="Node3D" parent="GameSurface/AttackingAndDefending"]
transform = Transform3D(-4.37114e-08, 1, 4.37114e-08, 0, -4.37114e-08, 1, 1, 4.37114e-08, 1.91069e-15, -0.06, 0, 0)

[node name="DefendingCard5" type="Node3D" parent="GameSurface/AttackingAndDefending"]
transform = Transform3D(-4.37114e-08, 1, 4.37114e-08, 0, -4.37114e-08, 1, 1, 4.37114e-08, 1.91069e-15, -0.08, 0.00199997, 0.02)

[node name="AttackingCard6" type="Node3D" parent="GameSurface/AttackingAndDefending"]
transform = Transform3D(-4.37114e-08, 1, 4.37114e-08, 0, -4.37114e-08, 1, 1, 4.37114e-08, 1.91069e-15, -0.06, 0, 0.1)

[node name="DefendingCard6" type="Node3D" parent="GameSurface/AttackingAndDefending"]
transform = Transform3D(-4.37114e-08, 1, 4.37114e-08, 0, -4.37114e-08, 1, 1, 4.37114e-08, 1.91069e-15, -0.08, 0.00199997, 0.12)
